0.00
0.00
0.00
0.00
0.00
0.00
0.00
0.00
0.00
0.00
0.00
0.00
0.00
0.00
0.00
0.00
0.00
0.00
0.00
0.00
0.00
0.00
0.00
0.00
0.00
0.00
0.00
100.00
100.00
110.91828735
121.83657470
132.75486205
143.67314940
154.59143675
165.50972410
176.42801145
187.34629880
198.26458615
209.18287350
220.10116085
231.01944820
241.93773555
252.85602290
263.77431025
274.69259760
285.61088495
296.52917230
307.44745965
318.36574700
329.28403435
340.20232170
351.12060905
362.03889640
0.00
0.00
0.00
0.00
0.00
0.00
0.00
0.00
0.00
0.00
0.00
0.00
0.00
0.00
0.00
0.00
0.00
0.00
0.00
0.00
0.00
0.00
0.00
0.00
0.00
0.00
0.00
0.00
